[gd_scene load_steps=39 format=2]

[ext_resource path="res://Assets/Ant/ant_material.material" type="Material" id=1]
[ext_resource path="res://Assets/Ant/Ant.gd" type="Script" id=2]

[sub_resource type="ArrayMesh" id=1]
resource_name = "Ant_Cube003"
surfaces/0 = {
"aabb": AABB( -0.396746, 0.735413, 0.221188, 0.793492, 0.662549, 0.486025 ),
"array_data": PoolByteArray( 216, 153, 75, 190, 90, 214, 93, 63, 65, 11, 53, 63, 207, 201, 146, 10, 114, 58, 12, 46, 216, 153, 75, 190, 249, 51, 156, 63, 65, 11, 53, 63, 208, 57, 144, 115, 114, 58, 15, 49, 219, 187, 147, 190, 7, 101, 83, 63, 27, 196, 212, 62, 200, 208, 136, 15, 225, 58, 12, 46, 219, 187, 147, 190, 228, 95, 167, 63, 37, 246, 128, 62, 211, 60, 152, 120, 225, 58, 15, 49, 216, 153, 75, 62, 90, 214, 93, 63, 65, 11, 53, 63, 49, 201, 110, 10, 114, 58, 170, 52, 216, 153, 75, 62, 249, 51, 156, 63, 65, 11, 53, 63, 48, 57, 112, 115, 114, 58, 75, 51, 218, 187, 147, 62, 5, 101, 83, 63, 25, 196, 212, 62, 56, 208, 120, 15, 225, 58, 170, 52, 218, 187, 147, 62, 228, 95, 167, 63, 36, 246, 128, 62, 45, 60, 104, 120, 225, 58, 75, 51, 196, 249, 139, 190, 147, 143, 133, 63, 65, 11, 53, 63, 164, 3, 130, 15, 114, 58, 11, 48, 78, 34, 203, 190, 53, 137, 136, 63, 32, 221, 170, 62, 171, 13, 141, 113, 225, 58, 11, 48, 30, 6, 192, 48, 1, 68, 60, 63, 185, 122, 228, 62, 0, 155, 151, 8, 225, 58, 162, 43, 30, 6, 192, 48, 1, 68, 60, 63, 185, 122, 228, 62, 0, 155, 105, 8, 225, 58, 57, 53, 88, 236, 177, 174, 104, 240, 178, 63, 16, 127, 98, 62, 0, 102, 102, 127, 225, 58, 45, 50, 78, 34, 203, 62, 53, 137, 136, 63, 32, 221, 170, 62, 85, 13, 115, 113, 225, 58, 40, 52, 196, 249, 139, 62, 148, 143, 133, 63, 65, 11, 53, 63, 92, 3, 126, 15, 114, 58, 40, 52, 0, 0, 0, 0, 12, 219, 76, 63, 65, 11, 53, 63, 0, 155, 101, 1, 114, 58, 162, 43, 0, 0, 0, 0, 12, 219, 76, 63, 65, 11, 53, 63, 0, 155, 155, 1, 114, 58, 57, 53, 0, 0, 0, 0, 160, 177, 164, 63, 65, 11, 53, 63, 0, 102, 154, 127, 114, 58, 45, 50 ),
"array_index_data": PoolByteArray( 7, 0, 14, 0, 5, 0, 7, 0, 13, 0, 14, 0, 8, 0, 2, 0, 9, 0, 8, 0, 0, 0, 2, 0, 4, 0, 11, 0, 16, 0, 4, 0, 6, 0, 11, 0, 13, 0, 4, 0, 14, 0, 13, 0, 6, 0, 4, 0, 1, 0, 12, 0, 17, 0, 1, 0, 3, 0, 12, 0, 10, 0, 0, 0, 15, 0, 10, 0, 2, 0, 0, 0, 12, 0, 5, 0, 17, 0, 12, 0, 7, 0, 5, 0, 1, 0, 9, 0, 3, 0, 1, 0, 8, 0, 9, 0 ),
"blend_shape_data": [  ],
"format": 2194711,
"index_count": 48,
"material": ExtResource( 1 ),
"primitive": 4,
"skeleton_aabb": [  ],
"vertex_count": 18
}

[sub_resource type="ArrayMesh" id=2]
resource_name = "Ant_Cube004"
surfaces/0 = {
"aabb": AABB( -0.528833, 0.665652, -0.45636, 1.00148, 0.781952, 0.944238 ),
"array_data": PoolByteArray( 80, 152, 81, 190, 38, 84, 73, 63, 9, 168, 233, 190, 211, 150, 155, 79, 32, 22, 65, 47, 0, 0, 0, 0, 255, 255, 0, 0, 0, 0, 0, 0, 80, 152, 81, 190, 38, 84, 73, 63, 9, 168, 233, 190, 211, 150, 159, 74, 220, 53, 65, 47, 0, 0, 0, 0, 255, 255, 0, 0, 0, 0, 0, 0, 107, 152, 81, 62, 37, 84, 73, 63, 11, 168, 233, 190, 45, 150, 155, 50, 168, 52, 65, 47, 0, 0, 0, 0, 255, 255, 0, 0, 0, 0, 0, 0, 143, 93, 168, 190, 168, 113, 128, 63, 5, 168, 233, 190, 157, 62, 38, 107, 196, 44, 65, 47, 0, 0, 0, 0, 255, 255, 0, 0, 0, 0, 0, 0, 228, 38, 115, 190, 173, 87, 138, 63, 9, 168, 233, 190, 183, 91, 77, 89, 114, 46, 65, 47, 0, 0, 0, 0, 255, 255, 0, 0, 0, 0, 0, 0, 158, 93, 168, 62, 168, 113, 128, 63, 9, 168, 233, 190, 103, 57, 32, 18, 6, 51, 65, 47, 0, 0, 0, 0, 255, 255, 0, 0, 0, 0, 0, 0, 5, 39, 115, 62, 172, 87, 138, 63, 9, 168, 233, 190, 73, 91, 75, 38, 47, 50, 65, 47, 0, 0, 0, 0, 255, 255, 0, 0, 0, 0, 0, 0, 15, 40, 150, 190, 37, 104, 42, 63, 217, 122, 202, 61, 221, 159, 159, 82, 32, 22, 11, 50, 0, 0, 0, 0, 255, 255, 0, 0, 0, 0, 0, 0, 15, 40, 150, 190, 37, 104, 42, 63, 217, 122, 202, 61, 221, 159, 162, 78, 220, 53, 11, 50, 0, 0, 0, 0, 255, 255, 0, 0, 0, 0, 0, 0, 28, 40, 150, 62, 36, 104, 42, 63, 216, 122, 202, 61, 35, 159, 164, 48, 168, 52, 11, 50, 0, 0, 0, 0, 255, 255, 0, 0, 0, 0, 0, 0, 58, 61, 174, 190, 133, 241, 168, 63, 199, 59, 155, 60, 193, 82, 77, 90, 114, 46, 11, 50, 0, 0, 0, 0, 255, 255, 0, 0, 0, 0, 0, 0, 34, 72, 241, 190, 140, 57, 148, 63, 35, 45, 30, 61, 165, 48, 46, 108, 196, 44, 11, 50, 0, 0, 0, 0, 255, 255, 0, 0, 0, 0, 0, 0, 78, 61, 174, 62, 132, 241, 168, 63, 185, 59, 155, 60, 63, 82, 72, 38, 47, 50, 11, 50, 0, 0, 0, 0, 255, 255, 0, 0, 0, 0, 0, 0, 52, 72, 241, 62, 141, 57, 148, 63, 30, 45, 30, 61, 97, 42, 31, 20, 6, 51, 11, 50, 0, 0, 0, 0, 255, 255, 0, 0, 0, 0, 0, 0, 101, 83, 127, 52, 21, 61, 150, 63, 5, 168, 233, 190, 207, 126, 126, 63, 180, 48, 65, 47, 0, 0, 0, 0, 255, 255, 0, 0, 0, 0, 0, 0, 202, 7, 143, 57, 58, 34, 183, 63, 142, 159, 108, 60, 27, 126, 126, 63, 180, 48, 11, 50, 0, 0, 0, 0, 255, 255, 0, 0, 0, 0, 0, 0, 24, 233, 255, 189, 62, 89, 111, 63, 210, 40, 238, 62, 255, 13, 125, 63, 181, 55, 220, 40, 0, 0, 0, 0, 255, 255, 0, 0, 0, 0, 0, 0, 24, 233, 255, 189, 62, 89, 111, 63, 210, 40, 238, 62, 255, 13, 68, 37, 104, 58, 220, 40, 0, 0, 0, 0, 255, 255, 0, 0, 0, 0, 0, 0, 165, 179, 132, 190, 61, 204, 54, 63, 243, 34, 246, 62, 232, 177, 159, 78, 32, 22, 178, 51, 0, 0, 0, 0, 255, 255, 0, 0, 0, 0, 0, 0, 165, 179, 132, 190, 61, 204, 54, 63, 243, 34, 246, 62, 232, 177, 156, 80, 220, 53, 178, 51, 0, 0, 0, 0, 255, 255, 0, 0, 0, 0, 0, 0, 165, 179, 132, 190, 61, 204, 54, 63, 243, 34, 246, 62, 240, 227, 101, 60, 181, 55, 255, 43, 0, 0, 0, 0, 255, 255, 0, 0, 0, 0, 0, 0, 165, 179, 132, 190, 61, 204, 54, 63, 243, 34, 246, 62, 240, 227, 77, 37, 104, 58, 255, 43, 0, 0, 0, 0, 255, 255, 0, 0, 0, 0, 0, 0, 182, 179, 132, 62, 60, 204, 54, 63, 244, 34, 246, 62, 24, 177, 162, 49, 168, 52, 178, 51, 0, 0, 0, 0, 255, 255, 0, 0, 0, 0, 0, 0, 182, 179, 132, 62, 60, 204, 54, 63, 244, 34, 246, 62, 16, 227, 91, 83, 97, 56, 255, 43, 0, 0, 0, 0, 255, 255, 0, 0, 0, 0, 0, 0, 94, 233, 255, 61, 62, 89, 111, 63, 209, 40, 238, 62, 1, 13, 99, 79, 97, 56, 220, 40, 0, 0, 0, 0, 255, 255, 0, 0, 0, 0, 0, 0, 37, 1, 78, 190, 215, 31, 148, 63, 16, 90, 217, 62, 252, 19, 224, 23, 229, 57, 220, 40, 0, 0, 0, 0, 255, 255, 0, 0, 0, 0, 0, 0, 248, 116, 213, 190, 6, 9, 150, 63, 145, 149, 206, 62, 200, 27, 43, 112, 196, 44, 178, 51, 0, 0, 0, 0, 255, 255, 0, 0, 0, 0, 0, 0, 248, 116, 213, 190, 6, 9, 150, 63, 145, 149, 206, 62, 200, 27, 228, 21, 229, 57, 255, 43, 0, 0, 0, 0, 255, 255, 0, 0, 0, 0, 0, 0, 141, 180, 21, 190, 16, 6, 157, 63, 216, 215, 210, 62, 252, 21, 183, 39, 182, 57, 220, 40, 0, 0, 0, 0, 255, 255, 0, 0, 0, 0, 0, 0, 78, 51, 154, 190, 251, 51, 169, 63, 186, 174, 193, 62, 221, 55, 77, 91, 114, 46, 178, 51, 0, 0, 0, 0, 255, 255, 0, 0, 0, 0, 0, 0, 78, 51, 154, 190, 251, 51, 169, 63, 186, 174, 193, 62, 221, 55, 188, 38, 182, 57, 255, 43, 0, 0, 0, 0, 255, 255, 0, 0, 0, 0, 0, 0, 74, 1, 78, 62, 214, 31, 148, 63, 16, 90, 217, 62, 4, 19, 210, 110, 225, 56, 220, 40, 0, 0, 0, 0, 255, 255, 0, 0, 0, 0, 0, 0, 10, 117, 213, 62, 4, 9, 150, 63, 144, 149, 206, 62, 58, 25, 27, 20, 6, 51, 178, 51, 0, 0, 0, 0, 255, 255, 0, 0, 0, 0, 0, 0, 10, 117, 213, 62, 4, 9, 150, 63, 144, 149, 206, 62, 58, 25, 215, 113, 225, 56, 255, 43, 0, 0, 0, 0, 255, 255, 0, 0, 0, 0, 0, 0, 179, 180, 21, 62, 15, 6, 157, 63, 216, 215, 210, 62, 4, 21, 177, 90, 16, 57, 220, 40, 0, 0, 0, 0, 255, 255, 0, 0, 0, 0, 0, 0, 97, 51, 154, 62, 250, 51, 169, 63, 185, 174, 193, 62, 35, 55, 70, 38, 47, 50, 178, 51, 0, 0, 0, 0, 255, 255, 0, 0, 0, 0, 0, 0, 97, 51, 154, 62, 250, 51, 169, 63, 185, 174, 193, 62, 35, 55, 179, 92, 16, 57, 255, 43, 0, 0, 0, 0, 255, 255, 0, 0, 0, 0, 0, 0, 167, 68, 148, 52, 63, 76, 164, 63, 31, 241, 209, 62, 0, 22, 130, 63, 99, 57, 220, 40, 0, 0, 0, 0, 255, 255, 0, 0, 0, 0, 0, 0, 125, 100, 88, 56, 141, 103, 183, 63, 133, 74, 187, 62, 0, 85, 126, 63, 180, 48, 178, 51, 0, 0, 0, 0, 255, 255, 0, 0, 0, 0, 0, 0, 125, 100, 88, 56, 141, 103, 183, 63, 133, 74, 187, 62, 0, 85, 130, 63, 99, 57, 255, 43, 0, 0, 0, 0, 255, 255, 0, 0, 0, 0, 0, 0, 255, 224, 168, 190, 68, 115, 103, 63, 7, 168, 233, 190, 147, 206, 230, 116, 103, 41, 65, 47, 0, 0, 0, 0, 255, 255, 0, 0, 0, 0, 0, 0, 161, 97, 7, 191, 2, 147, 99, 63, 126, 125, 135, 61, 151, 228, 224, 117, 103, 41, 11, 50, 0, 0, 0, 0, 255, 255, 0, 0, 0, 0, 0, 0, 122, 248, 213, 190, 15, 184, 110, 63, 247, 69, 227, 62, 188, 255, 227, 119, 103, 41, 178, 51, 0, 0, 0, 0, 255, 255, 0, 0, 0, 0, 0, 0, 122, 248, 213, 190, 15, 184, 110, 63, 247, 69, 227, 62, 188, 255, 14, 14, 31, 58, 255, 43, 0, 0, 0, 0, 255, 255, 0, 0, 0, 0, 0, 0, 220, 76, 78, 190, 20, 72, 133, 63, 29, 53, 228, 62, 251, 17, 9, 13, 31, 58, 220, 40, 0, 0, 0, 0, 255, 255, 0, 0, 0, 0, 0, 0, 15, 225, 168, 62, 67, 115, 103, 63, 11, 168, 233, 190, 111, 213, 237, 9, 4, 52, 65, 47, 0, 0, 0, 0, 255, 255, 0, 0, 0, 0, 0, 0, 178, 254, 241, 62, 92, 30, 103, 63, 151, 162, 143, 61, 112, 234, 243, 12, 4, 52, 11, 50, 0, 0, 0, 0, 255, 255, 0, 0, 0, 0, 0, 0, 139, 248, 213, 62, 14, 184, 110, 63, 247, 69, 227, 62, 71, 0, 244, 14, 4, 52, 178, 51, 0, 0, 0, 0, 255, 255, 0, 0, 0, 0, 0, 0, 139, 248, 213, 62, 14, 184, 110, 63, 247, 69, 227, 62, 71, 0, 29, 120, 168, 56, 255, 43, 0, 0, 0, 0, 255, 255, 0, 0, 0, 0, 0, 0, 255, 76, 78, 62, 19, 72, 133, 63, 29, 53, 228, 62, 5, 17, 27, 122, 168, 56, 220, 40, 0, 0, 0, 0, 255, 255, 0, 0, 0, 0, 0, 0, 177, 93, 133, 62, 162, 206, 53, 63, 220, 100, 38, 190, 44, 153, 161, 49, 168, 52, 236, 48, 0, 0, 0, 0, 255, 255, 0, 0, 0, 0, 0, 0, 82, 229, 155, 190, 135, 234, 86, 63, 10, 168, 233, 190, 182, 179, 191, 95, 27, 38, 65, 47, 0, 0, 0, 0, 255, 255, 0, 0, 0, 0, 0, 0, 95, 229, 155, 62, 134, 234, 86, 63, 11, 168, 233, 190, 79, 185, 198, 29, 77, 52, 65, 47, 0, 0, 0, 0, 255, 255, 0, 0, 0, 0, 0, 0, 65, 185, 154, 62, 202, 124, 156, 63, 40, 210, 84, 190, 71, 88, 74, 38, 47, 50, 236, 48, 0, 0, 0, 0, 255, 255, 0, 0, 0, 0, 0, 0, 177, 68, 214, 62, 227, 4, 140, 63, 209, 100, 73, 190, 101, 54, 33, 20, 6, 51, 236, 48, 0, 0, 0, 0, 255, 255, 0, 0, 0, 0, 0, 0, 163, 93, 133, 190, 164, 206, 53, 63, 220, 100, 38, 190, 212, 153, 158, 82, 32, 22, 236, 48, 0, 0, 0, 0, 255, 255, 0, 0, 0, 0, 0, 0, 163, 93, 133, 190, 164, 206, 53, 63, 220, 100, 38, 190, 212, 153, 162, 76, 220, 53, 236, 48, 0, 0, 0, 0, 255, 255, 0, 0, 0, 0, 0, 0, 47, 185, 154, 190, 202, 124, 156, 63, 38, 210, 84, 190, 185, 88, 77, 89, 114, 46, 236, 48, 0, 0, 0, 0, 255, 255, 0, 0, 0, 0, 0, 0, 163, 68, 214, 190, 229, 4, 140, 63, 207, 100, 73, 190, 160, 60, 44, 106, 196, 44, 236, 48, 0, 0, 0, 0, 255, 255, 0, 0, 0, 0, 0, 0, 23, 97, 223, 190, 29, 87, 68, 63, 137, 120, 177, 61, 190, 191, 190, 97, 27, 38, 11, 50, 0, 0, 0, 0, 255, 255, 0, 0, 0, 0, 0, 0, 38, 97, 223, 62, 29, 87, 68, 63, 137, 120, 177, 61, 76, 200, 208, 28, 77, 52, 11, 50, 0, 0, 0, 0, 255, 255, 0, 0, 0, 0, 0, 0, 174, 195, 139, 52, 142, 247, 169, 63, 213, 143, 86, 190, 212, 126, 126, 63, 180, 48, 236, 48, 0, 0, 0, 0, 255, 255, 0, 0, 0, 0, 0, 0, 67, 27, 127, 190, 158, 65, 58, 63, 33, 203, 249, 62, 248, 238, 115, 62, 181, 55, 189, 43, 0, 0, 0, 0, 255, 255, 0, 0, 0, 0, 0, 0, 67, 27, 127, 190, 158, 65, 58, 63, 33, 203, 249, 62, 248, 238, 76, 36, 104, 58, 189, 43, 0, 0, 0, 0, 255, 255, 0, 0, 0, 0, 0, 0, 98, 27, 127, 62, 157, 65, 58, 63, 33, 203, 249, 62, 8, 238, 97, 79, 97, 56, 189, 43, 0, 0, 0, 0, 255, 255, 0, 0, 0, 0, 0, 0, 178, 180, 148, 190, 86, 213, 167, 63, 199, 90, 199, 62, 240, 35, 190, 37, 182, 57, 189, 43, 0, 0, 0, 0, 255, 255, 0, 0, 0, 0, 0, 0, 56, 67, 205, 190, 244, 183, 149, 63, 15, 147, 211, 62, 231, 22, 229, 21, 229, 57, 189, 43, 0, 0, 0, 0, 255, 255, 0, 0, 0, 0, 0, 0, 198, 180, 148, 62, 85, 213, 167, 63, 198, 90, 199, 62, 16, 35, 181, 93, 16, 57, 189, 43, 0, 0, 0, 0, 255, 255, 0, 0, 0, 0, 0, 0, 74, 67, 205, 62, 243, 183, 149, 63, 15, 147, 211, 62, 25, 22, 214, 113, 225, 56, 189, 43, 0, 0, 0, 0, 255, 255, 0, 0, 0, 0, 0, 0, 132, 98, 62, 62, 45, 234, 122, 63, 12, 238, 233, 62, 4, 15, 56, 104, 137, 56, 220, 40, 0, 0, 0, 0, 255, 255, 0, 0, 0, 0, 0, 0, 121, 14, 238, 55, 254, 205, 181, 63, 224, 154, 193, 62, 0, 45, 130, 63, 99, 57, 189, 43, 0, 0, 0, 0, 255, 255, 0, 0, 0, 0, 0, 0, 6, 116, 197, 190, 118, 144, 78, 63, 162, 30, 238, 62, 207, 227, 197, 101, 27, 38, 178, 51, 0, 0, 0, 0, 255, 255, 0, 0, 0, 0, 0, 0, 6, 116, 197, 190, 118, 144, 78, 63, 162, 30, 238, 62, 207, 227, 49, 29, 64, 58, 255, 43, 0, 0, 0, 0, 255, 255, 0, 0, 0, 0, 0, 0, 97, 81, 147, 190, 176, 138, 44, 63, 18, 179, 156, 62, 228, 172, 160, 80, 32, 22, 235, 50, 0, 0, 0, 0, 255, 255, 0, 0, 0, 0, 0, 0, 97, 81, 147, 190, 176, 138, 44, 63, 18, 179, 156, 62, 228, 172, 160, 81, 220, 53, 235, 50, 0, 0, 0, 0, 255, 255, 0, 0, 0, 0, 0, 0, 112, 81, 147, 62, 174, 138, 44, 63, 18, 179, 156, 62, 28, 172, 164, 48, 168, 52, 235, 50, 0, 0, 0, 0, 255, 255, 0, 0, 0, 0, 0, 0, 86, 208, 236, 190, 147, 208, 150, 63, 202, 216, 110, 62, 178, 35, 46, 109, 196, 44, 235, 50, 0, 0, 0, 0, 255, 255, 0, 0, 0, 0, 0, 0, 103, 208, 236, 62, 147, 208, 150, 63, 200, 216, 110, 62, 84, 31, 30, 21, 6, 51, 235, 50, 0, 0, 0, 0, 255, 255, 0, 0, 0, 0, 0, 0, 28, 9, 171, 190, 241, 234, 171, 63, 155, 132, 86, 62, 207, 72, 77, 91, 114, 46, 235, 50, 0, 0, 0, 0, 255, 255, 0, 0, 0, 0, 0, 0, 232, 184, 226, 185, 21, 75, 185, 63, 12, 101, 77, 62, 0, 124, 126, 63, 180, 48, 235, 50, 0, 0, 0, 0, 255, 255, 0, 0, 0, 0, 0, 0, 47, 9, 171, 62, 239, 234, 171, 63, 153, 132, 86, 62, 49, 72, 71, 38, 47, 50, 235, 50, 0, 0, 0, 0, 255, 255, 0, 0, 0, 0, 0, 0, 97, 98, 62, 190, 46, 234, 122, 63, 14, 238, 233, 62, 252, 15, 44, 28, 64, 58, 220, 40, 0, 0, 0, 0, 255, 255, 0, 0, 0, 0, 0, 0, 49, 169, 205, 190, 2, 78, 112, 63, 121, 138, 231, 62, 229, 11, 12, 14, 31, 58, 189, 43, 0, 0, 0, 0, 255, 255, 0, 0, 0, 0, 0, 0, 119, 63, 252, 190, 250, 158, 105, 63, 150, 95, 142, 62, 165, 244, 226, 118, 103, 41, 235, 50, 0, 0, 0, 0, 255, 255, 0, 0, 0, 0, 0, 0, 97, 45, 233, 190, 23, 21, 101, 63, 7, 102, 67, 190, 148, 210, 227, 117, 103, 41, 236, 48, 0, 0, 0, 0, 255, 255, 0, 0, 0, 0, 0, 0, 24, 116, 197, 62, 117, 144, 78, 63, 161, 30, 238, 62, 62, 215, 208, 29, 77, 52, 178, 51, 0, 0, 0, 0, 255, 255, 0, 0, 0, 0, 0, 0, 24, 116, 197, 62, 117, 144, 78, 63, 161, 30, 238, 62, 35, 247, 57, 103, 137, 56, 255, 43, 0, 0, 0, 0, 255, 255, 0, 0, 0, 0, 0, 0, 65, 169, 205, 62, 1, 78, 112, 63, 120, 138, 231, 62, 27, 11, 29, 120, 168, 56, 189, 43, 0, 0, 0, 0, 255, 255, 0, 0, 0, 0, 0, 0, 60, 235, 214, 62, 112, 138, 102, 63, 195, 21, 55, 190, 112, 218, 241, 11, 4, 52, 236, 48, 0, 0, 0, 0, 255, 255, 0, 0, 0, 0, 0, 0, 249, 118, 237, 62, 215, 44, 106, 63, 30, 236, 138, 62, 100, 246, 244, 13, 4, 52, 235, 50, 0, 0, 0, 0, 255, 255, 0, 0, 0, 0, 0, 0, 115, 44, 219, 62, 150, 192, 70, 63, 234, 36, 149, 62, 68, 212, 209, 28, 77, 52, 235, 50, 0, 0, 0, 0, 255, 255, 0, 0, 0, 0, 0, 0, 8, 101, 198, 190, 158, 237, 74, 63, 215, 124, 45, 190, 184, 181, 189, 97, 27, 38, 236, 48, 0, 0, 0, 0, 255, 255, 0, 0, 0, 0, 0, 0, 23, 202, 189, 190, 23, 58, 81, 63, 64, 9, 242, 62, 230, 255, 47, 29, 64, 58, 189, 43, 0, 0, 0, 0, 255, 255, 0, 0, 0, 0, 0, 0, 97, 44, 219, 190, 152, 192, 70, 63, 235, 36, 149, 62, 195, 207, 195, 99, 27, 38, 235, 50, 0, 0, 0, 0, 255, 255, 0, 0, 0, 0, 0, 0, 21, 101, 198, 62, 159, 237, 74, 63, 215, 124, 45, 190, 80, 189, 205, 28, 77, 52, 236, 48, 0, 0, 0, 0, 255, 255, 0, 0, 0, 0, 0, 0, 39, 202, 189, 62, 21, 58, 81, 63, 63, 9, 242, 62, 26, 255, 59, 103, 137, 56, 189, 43, 0, 0, 0, 0, 255, 255, 0, 0, 0, 0, 0, 0 ),
"array_index_data": PoolByteArray( 78, 0, 26, 0, 76, 0, 78, 0, 29, 0, 26, 0, 35, 0, 79, 0, 80, 0, 35, 0, 38, 0, 79, 0, 12, 0, 61, 0, 53, 0, 12, 0, 15, 0, 61, 0, 46, 0, 90, 0, 89, 0, 46, 0, 60, 0, 90, 0, 89, 0, 85, 0, 47, 0, 89, 0, 90, 0, 85, 0, 90, 0, 22, 0, 85, 0, 90, 0, 75, 0, 22, 0, 60, 0, 75, 0, 90, 0, 60, 0, 9, 0, 75, 0, 5, 0, 88, 0, 54, 0, 5, 0, 45, 0, 88, 0, 88, 0, 13, 0, 54, 0, 88, 0, 46, 0, 13, 0, 6, 0, 61, 0, 14, 0, 6, 0, 53, 0, 61, 0, 78, 0, 15, 0, 79, 0, 78, 0, 10, 0, 15, 0, 9, 0, 56, 0, 8, 0, 9, 0, 50, 0, 56, 0, 4, 0, 58, 0, 3, 0, 4, 0, 57, 0, 58, 0, 26, 0, 83, 0, 76, 0, 26, 0, 42, 0, 83, 0, 20, 0, 64, 0, 23, 0, 20, 0, 62, 0, 64, 0, 50, 0, 1, 0, 56, 0, 50, 0, 2, 0, 1, 0, 57, 0, 14, 0, 61, 0, 57, 0, 4, 0, 14, 0, 79, 0, 12, 0, 80, 0, 79, 0, 15, 0, 12, 0, 32, 0, 80, 0, 77, 0, 32, 0, 35, 0, 80, 0, 57, 0, 11, 0, 58, 0, 57, 0, 10, 0, 11, 0, 41, 0, 91, 0, 84, 0, 41, 0, 59, 0, 91, 0, 84, 0, 51, 0, 40, 0, 84, 0, 91, 0, 51, 0, 91, 0, 0, 0, 51, 0, 91, 0, 55, 0, 0, 0, 59, 0, 55, 0, 91, 0, 59, 0, 7, 0, 55, 0, 83, 0, 11, 0, 76, 0, 83, 0, 41, 0, 11, 0, 11, 0, 84, 0, 58, 0, 11, 0, 41, 0, 84, 0, 84, 0, 3, 0, 58, 0, 84, 0, 40, 0, 3, 0, 48, 0, 68, 0, 33, 0, 48, 0, 87, 0, 68, 0, 25, 0, 65, 0, 28, 0, 25, 0, 66, 0, 65, 0, 80, 0, 13, 0, 77, 0, 80, 0, 12, 0, 13, 0, 39, 0, 65, 0, 30, 0, 39, 0, 70, 0, 65, 0, 62, 0, 24, 0, 64, 0, 62, 0, 16, 0, 24, 0, 9, 0, 74, 0, 75, 0, 9, 0, 8, 0, 74, 0, 36, 0, 70, 0, 39, 0, 36, 0, 67, 0, 70, 0, 79, 0, 29, 0, 78, 0, 79, 0, 38, 0, 29, 0, 66, 0, 30, 0, 65, 0, 66, 0, 27, 0, 30, 0, 34, 0, 68, 0, 31, 0, 34, 0, 67, 0, 68, 0, 67, 0, 37, 0, 70, 0, 67, 0, 34, 0, 37, 0, 67, 0, 33, 0, 68, 0, 67, 0, 36, 0, 33, 0, 12, 0, 54, 0, 13, 0, 12, 0, 53, 0, 54, 0, 87, 0, 31, 0, 68, 0, 87, 0, 49, 0, 31, 0, 27, 0, 82, 0, 43, 0, 27, 0, 66, 0, 82, 0, 43, 0, 92, 0, 72, 0, 43, 0, 82, 0, 92, 0, 72, 0, 63, 0, 21, 0, 72, 0, 92, 0, 63, 0, 92, 0, 17, 0, 63, 0, 92, 0, 81, 0, 17, 0, 82, 0, 81, 0, 92, 0, 82, 0, 44, 0, 81, 0, 74, 0, 22, 0, 75, 0, 74, 0, 19, 0, 22, 0, 10, 0, 76, 0, 11, 0, 10, 0, 78, 0, 76, 0, 66, 0, 44, 0, 82, 0, 66, 0, 25, 0, 44, 0, 47, 0, 77, 0, 89, 0, 47, 0, 32, 0, 77, 0, 18, 0, 93, 0, 71, 0, 18, 0, 73, 0, 93, 0, 71, 0, 83, 0, 42, 0, 71, 0, 93, 0, 83, 0, 93, 0, 41, 0, 83, 0, 93, 0, 59, 0, 41, 0, 73, 0, 59, 0, 93, 0, 73, 0, 7, 0, 59, 0, 45, 0, 94, 0, 88, 0, 45, 0, 52, 0, 94, 0, 88, 0, 60, 0, 46, 0, 88, 0, 94, 0, 60, 0, 94, 0, 9, 0, 60, 0, 94, 0, 50, 0, 9, 0, 52, 0, 50, 0, 94, 0, 52, 0, 2, 0, 50, 0, 23, 0, 95, 0, 86, 0, 23, 0, 64, 0, 95, 0, 86, 0, 87, 0, 48, 0, 86, 0, 95, 0, 87, 0, 95, 0, 49, 0, 87, 0, 95, 0, 69, 0, 49, 0, 64, 0, 69, 0, 95, 0, 64, 0, 24, 0, 69, 0, 70, 0, 28, 0, 65, 0, 70, 0, 37, 0, 28, 0, 77, 0, 46, 0, 89, 0, 77, 0, 13, 0, 46, 0, 53, 0, 5, 0, 54, 0, 53, 0, 6, 0, 5, 0, 10, 0, 61, 0, 15, 0, 10, 0, 57, 0, 61, 0 ),
"blend_shape_data": [  ],
"format": 2194903,
"index_count": 396,
"material": ExtResource( 1 ),
"primitive": 4,
"skeleton_aabb": [ AABB( -0.528833, 0.665652, -0.45636, 1.00148, 0.781952, 0.944238 ) ],
"vertex_count": 96
}

[sub_resource type="Skin" id=3]
resource_name = "Skin"
bind_count = 54
bind/0/name = "RB"
bind/0/bone = -1
bind/0/pose = Transform( 1, -8.74228e-08, 0, -6.17755e-09, -0.0706629, -0.9975, 8.72042e-08, 0.9975, -0.0706629, 0, 0.611797, -1.02293 )
bind/1/name = "Body.001"
bind/1/bone = -1
bind/1/pose = Transform( 1, -8.74228e-08, 0, 8.4572e-09, 0.0967391, -0.99531, 8.70128e-08, 0.99531, 0.0967391, -7.29415e-15, -0.372517, -0.974436 )
bind/2/name = "Body.002"
bind/2/bone = -1
bind/2/pose = Transform( 1, -8.74228e-08, 0, 3.24129e-08, 0.370761, -0.928728, 8.1192e-08, 0.928728, 0.370761, 3.55271e-15, -1.20247, -0.665182 )
bind/3/name = "Head.001"
bind/3/bone = -1
bind/3/pose = Transform( 1, -8.74228e-08, 1.77636e-15, -2.5631e-08, -0.293185, -0.956056, 8.3581e-08, 0.956056, -0.293185, 3.55271e-15, -1.84784, -2.33995 )
bind/4/name = "Teeth.L"
bind/4/bone = -1
bind/4/pose = Transform( 1, -8.74228e-08, 3.55271e-15, -2.49375e-08, -0.285252, -0.958452, 8.37906e-08, 0.958453, -0.285252, 0.22264, -3.5779, -2.3253 )
bind/5/name = "SensorA.L"
bind/5/bone = -1
bind/5/pose = Transform( 0.631784, 9.79938e-08, -0.775145, -0.775145, 2.79159e-07, -0.631784, 1.45176e-07, 1, 2.09992e-07, -2.92596, -2.81961, -1.50176 )
bind/6/name = "SensorB.L"
bind/6/bone = -1
bind/6/pose = Transform( 0.97185, -1.38084e-07, 0.2356, 0.2356, 2.62452e-07, -0.97185, 6.30605e-08, 1, 2.45261e-07, 2.53561, -4.45564, -1.50176 )
bind/7/name = "Teeth.R"
bind/7/bone = -1
bind/7/pose = Transform( 1, -8.74228e-08, 3.55271e-15, -2.49375e-08, -0.285252, -0.958452, 8.37906e-08, 0.958453, -0.285252, -0.22264, -3.5779, -2.3253 )
bind/8/name = "SensorA.R"
bind/8/bone = -1
bind/8/pose = Transform( 0.631784, -2.08458e-07, 0.775145, 0.775145, 1.43629e-07, -0.631784, 2.967e-08, 1, 2.09992e-07, 2.92596, -2.81961, -1.50176 )
bind/9/name = "SensorB.R"
bind/9/bone = -1
bind/9/pose = Transform( 0.97185, -3.184e-08, -0.2356, -0.2356, 3.03645e-07, -0.97185, 1.11785e-07, 1, 2.45261e-07, -2.53561, -4.45564, -1.50176 )
bind/10/name = "LegA.L.001"
bind/10/bone = -1
bind/10/pose = Transform( -0.317776, 0.948165, -0.000945956, -0.933782, -0.312782, 0.173833, 0.164527, 0.0561233, 0.984775, -0.816024, -0.0169822, 0.250805 )
bind/11/name = "LegB.L.001"
bind/11/bone = -1
bind/11/pose = Transform( 0.528233, 0.849098, -0.00158786, -0.843179, 0.524769, 0.116901, 0.100094, -0.0604122, 0.993142, -0.0523175, -0.991306, 0.265926 )
bind/12/name = "LegC.L.001"
bind/12/bone = -1
bind/12/pose = Transform( -0.827088, 0.562071, 0.00114834, -0.560154, -0.824432, 0.0808724, 0.0464028, 0.0662453, 0.996724, -2.50453, -0.0505444, -0.0200481 )
bind/13/name = "LegD.L.001"
bind/13/bone = -1
bind/13/pose = Transform( -0.550717, 0.834661, 0.00715917, -0.824735, -0.545448, 0.149325, 0.128541, 0.0763313, 0.988762, -1.82585, -2.13824, 0.207147 )
bind/14/name = "LegE.L.001"
bind/14/bone = -1
bind/14/pose = Transform( -0.142043, 0.989819, 0.00902965, -0.967833, -0.14079, 0.208511, 0.207659, 0.0208783, 0.977978, -0.520389, -3.14915, 0.467455 )
bind/15/name = "LegA.L.002"
bind/15/bone = -1
bind/15/pose = Transform( -0.660916, 0.748807, -0.0497775, -0.734185, -0.63142, 0.249561, 0.155442, 0.201485, 0.967079, -0.94318, 0.632863, 0.945432 )
bind/16/name = "LegB.L.002"
bind/16/bone = -1
bind/16/pose = Transform( 0.616571, 0.772573, 0.151563, -0.476801, 0.519611, -0.708988, -0.626499, 0.364876, 0.688741, 0.027795, -1.35018, 0.077709 )
bind/17/name = "LegC.L.002"
bind/17/bone = -1
bind/17/pose = Transform( -0.91891, 0.367911, -0.14229, -0.261883, -0.838737, -0.477429, -0.294995, -0.401451, 0.867073, -1.92354, -0.135119, 1.87434 )
bind/18/name = "LegD.L.002"
bind/18/bone = -1
bind/18/pose = Transform( -0.590539, 0.786736, -0.17975, -0.425858, -0.492998, -0.758682, -0.685498, -0.371483, 0.626172, -1.61897, -2.48283, 0.629245 )
bind/19/name = "LegE.L.002"
bind/19/bone = -1
bind/19/pose = Transform( -0.13096, 0.990619, -0.0390239, -0.490852, -0.0989903, -0.865601, -0.861344, -0.0942046, 0.499211, -0.395133, -3.41011, -0.0702026 )
bind/20/name = "LegA.L.003"
bind/20/bone = -1
bind/20/pose = Transform( -0.447859, 0.892678, 0.0504864, -0.665668, -0.3706, 0.64772, 0.596915, 0.25648, 0.760204, -0.840102, -0.176475, -0.272142 )
bind/21/name = "LegB.L.003"
bind/21/bone = -1
bind/21/pose = Transform( 0.625185, 0.763422, -0.162266, -0.573611, 0.590425, 0.567775, 0.529258, -0.261887, 0.807032, 0.064186, -1.08867, -0.0449365 )
bind/22/name = "LegC.L.003"
bind/22/bone = -1
bind/22/pose = Transform( -0.846296, 0.509533, 0.155433, -0.412674, -0.811579, 0.41357, 0.336874, 0.28586, 0.897106, -2.6368, -0.0522269, -1.48648 )
bind/23/name = "LegD.L.003"
bind/23/bone = -1
bind/23/pose = Transform( -0.66826, 0.743309, -0.0303259, -0.605626, -0.519901, 0.602429, 0.432025, 0.420946, 0.797596, -1.79606, -2.8643, -1.03945 )
bind/24/name = "LegE.L.003"
bind/24/bone = -1
bind/24/pose = Transform( -0.0859533, 0.994436, -0.0609065, -0.704095, -0.0173793, 0.709893, 0.704884, 0.103902, 0.701671, -0.114148, -3.91436, -0.00488984 )
bind/25/name = "LegA.R.001"
bind/25/bone = -1
bind/25/pose = Transform( -0.317776, -0.948165, 0.000945952, 0.933782, -0.312782, 0.173833, -0.164527, 0.0561234, 0.984775, 0.816024, -0.0169822, 0.250805 )
bind/26/name = "LegB.R.001"
bind/26/bone = -1
bind/26/pose = Transform( 0.528233, -0.849098, 0.00158786, 0.843179, 0.524769, 0.116901, -0.100094, -0.0604121, 0.993142, 0.0523175, -0.991306, 0.265926 )
bind/27/name = "LegC.R.001"
bind/27/bone = -1
bind/27/pose = Transform( -0.827088, -0.562071, -0.00114834, 0.560154, -0.824432, 0.0808724, -0.0464027, 0.0662453, 0.996724, 2.50453, -0.0505447, -0.0200481 )
bind/28/name = "LegD.R.001"
bind/28/bone = -1
bind/28/pose = Transform( -0.550717, -0.834661, -0.00715919, 0.824735, -0.545448, 0.149325, -0.128541, 0.0763313, 0.988762, 1.82585, -2.13824, 0.207147 )
bind/29/name = "LegE.R.001"
bind/29/bone = -1
bind/29/pose = Transform( -0.142043, -0.989819, -0.00902964, 0.967833, -0.14079, 0.208511, -0.207659, 0.0208784, 0.977978, 0.520389, -3.14914, 0.467455 )
bind/30/name = "LegA.R.002"
bind/30/bone = -1
bind/30/pose = Transform( -0.660916, -0.748807, 0.0497775, 0.734185, -0.63142, 0.249561, -0.155442, 0.201485, 0.967079, 0.94318, 0.632863, 0.945432 )
bind/31/name = "LegB.R.002"
bind/31/bone = -1
bind/31/pose = Transform( 0.61657, -0.772573, -0.151563, 0.476801, 0.519611, -0.708988, 0.6265, 0.364876, 0.688741, -0.0277949, -1.35018, 0.077709 )
bind/32/name = "LegC.R.002"
bind/32/bone = -1
bind/32/pose = Transform( -0.91891, -0.36791, 0.14229, 0.261883, -0.838737, -0.477429, 0.294995, -0.401451, 0.867073, 1.92354, -0.135119, 1.87434 )
bind/33/name = "LegD.R.002"
bind/33/bone = -1
bind/33/pose = Transform( -0.59054, -0.786736, 0.17975, 0.425858, -0.492998, -0.758682, 0.685498, -0.371484, 0.626172, 1.61897, -2.48283, 0.629245 )
bind/34/name = "LegE.R.002"
bind/34/bone = -1
bind/34/pose = Transform( -0.130961, -0.990619, 0.0390239, 0.490852, -0.0989904, -0.865601, 0.861344, -0.0942048, 0.499211, 0.395133, -3.41011, -0.0702026 )
bind/35/name = "Suspension"
bind/35/bone = -1
bind/35/pose = Transform( -1, 1.64955e-06, -2.46816e-07, 1.36455e-08, 0.156065, 0.987747, 1.66784e-06, 0.987734, -0.156061, -1.4915e-06, -0.762826, -0.943078 )
bind/36/name = "Tail.001"
bind/36/bone = -1
bind/36/pose = Transform( -1, 1.62908e-06, -3.52763e-07, 1.94987e-08, 0.223055, 0.974806, 1.6667e-06, 0.974793, -0.223052, -1.37371e-06, -1.12189, -0.868598 )
bind/37/name = "LegA.R.003"
bind/37/bone = -1
bind/37/pose = Transform( -0.447859, -0.892678, -0.0504864, 0.665668, -0.3706, 0.64772, -0.596915, 0.25648, 0.760204, 0.840102, -0.176475, -0.272142 )
bind/38/name = "LegB.R.003"
bind/38/bone = -1
bind/38/pose = Transform( 0.625185, -0.763422, 0.162266, 0.573611, 0.590425, 0.567775, -0.529258, -0.261887, 0.807032, -0.064186, -1.08867, -0.0449365 )
bind/39/name = "LegC.R.003"
bind/39/bone = -1
bind/39/pose = Transform( -0.846296, -0.509533, -0.155433, 0.412673, -0.811579, 0.41357, -0.336874, 0.28586, 0.897106, 2.63679, -0.0522267, -1.48648 )
bind/40/name = "LegD.R.003"
bind/40/bone = -1
bind/40/pose = Transform( -0.66826, -0.743309, 0.0303259, 0.605625, -0.519901, 0.602429, -0.432025, 0.420946, 0.797596, 1.79606, -2.8643, -1.03945 )
bind/41/name = "LegE.R.003"
bind/41/bone = -1
bind/41/pose = Transform( -0.0859535, -0.994436, 0.0609065, 0.704095, -0.0173794, 0.709893, -0.704884, 0.103902, 0.701671, 0.114148, -3.91436, -0.00488986 )
bind/42/name = "IKTarget.L.003"
bind/42/bone = -1
bind/42/pose = Transform( 0.626608, 7.21899e-08, -0.779335, 8.74228e-08, 1, 1.62921e-07, 0.779335, -1.70219e-07, 0.626608, 4.22033, -0.0402877, 0.447989 )
bind/43/name = "IKTarget.L.002"
bind/43/bone = -1
bind/43/pose = Transform( 0.40871, -1.84422e-07, 0.912664, 8.74228e-08, 1, 1.62921e-07, -0.912664, 1.32003e-08, 0.40871, 3.74986, -0.0128922, -0.464371 )
bind/44/name = "IKTarget.L.001"
bind/44/bone = -1
bind/44/pose = Transform( 0.972912, -4.7391e-08, -0.231178, 8.74228e-08, 1, 1.62921e-07, 0.231178, -1.78718e-07, 0.972912, 3.52384, -0.0128922, 0.552761 )
bind/45/name = "IKPole.L.001"
bind/45/bone = -1
bind/45/pose = Transform( 0.997774, -7.63635e-08, -0.0666867, 8.74228e-08, 1, 1.62921e-07, 0.0666867, -1.68388e-07, 0.997774, 2.09597, -2.5416, 0.113079 )
bind/46/name = "IKPole.L.002"
bind/46/bone = -1
bind/46/pose = Transform( 0.858977, -1.58512e-07, 0.512014, 8.74228e-08, 1, 1.62921e-07, -0.512014, -9.51834e-08, 0.858977, 2.07903, -2.52104, 1.04648 )
bind/47/name = "IKPole.L.003"
bind/47/bone = -1
bind/47/pose = Transform( 0.900525, -7.88772e-09, -0.434805, 8.74228e-08, 1, 1.62921e-07, 0.434805, -1.84726e-07, 0.900525, 2.34541, -2.9003, -0.827495 )
bind/48/name = "IKTarget.R.002"
bind/48/bone = -1
bind/48/pose = Transform( 0.40871, 1.12961e-07, -0.912664, 8.74228e-08, 1, 1.62921e-07, 0.912664, -1.46375e-07, 0.40871, -3.74986, -0.0128922, -0.464371 )
bind/49/name = "IKTarget.R.001"
bind/49/bone = -1
bind/49/pose = Transform( 0.972912, -1.22718e-07, 0.231178, 8.74228e-08, 1, 1.62921e-07, -0.231178, -1.38297e-07, 0.972912, -3.52384, -0.0128922, 0.552761 )
bind/50/name = "IKPole.R.001"
bind/50/bone = -1
bind/50/pose = Transform( 0.997774, -9.80928e-08, 0.0666867, 8.74228e-08, 1, 1.62921e-07, -0.0666867, -1.56728e-07, 0.997774, -2.09597, -2.5416, 0.113079 )
bind/51/name = "IKPole.R.002"
bind/51/bone = -1
bind/51/pose = Transform( 0.858977, 8.32356e-09, -0.512014, 8.74228e-08, 1, 1.62921e-07, 0.512014, -1.84707e-07, 0.858977, -2.07903, -2.52104, 1.04648 )
bind/52/name = "IKTarget.R.003"
bind/52/bone = -1
bind/52/pose = Transform( 0.626608, -1.8175e-07, 0.779335, 8.74228e-08, 1, 1.62921e-07, -0.779335, -3.39558e-08, 0.626608, -4.22033, -0.0402877, 0.447989 )
bind/53/name = "IKPole.R.003"
bind/53/bone = -1
bind/53/pose = Transform( 0.900525, -1.49565e-07, 0.434805, 8.74228e-08, 1, 1.62921e-07, -0.434805, -1.08702e-07, 0.900525, -2.34541, -2.9003, -0.827495 )

[sub_resource type="ArrayMesh" id=4]
resource_name = "Ant_Cube005"
surfaces/0 = {
"aabb": AABB( -0.450907, 0.693472, -0.99962, 0.901814, 0.611448, 0.751004 ),
